200
24 14
34 15
40 4
17 25
45 40
38 2
44 24
32 7
25 50
22 17
23 24
6 22
14 27
24 50
27 22
41 29
23 7
18 35
41 6
38 46
22 28
15 3
45 45
42 48
47 28
16 2
39 28
20 30
7 6
12 48
40 5
25 20
33 7
15 19
14 24
27 31
47 1
26 9
11 40
11 34
27 9
7 17
28 24
22 38
16 3
40 31
20 21
10 14
5 5
11 16
28 2
9 25
6 43
17 31
47 38
31 1
26 35
12 45
50 22
46 36
48 4
9 9
19 28
47 34
38 34
49 14
20 22
39 11
8 34
46 15
12 30
14 18
15 9
29 15
17 32
32 45
50 20
23 2
17 9
4 4
2 45
30 50
12 19
17 14
26 42
46 9
21 30
2 1
5 21
23 34
26 29
11 5
41 46
10 48
20 2
26 40
43 4
42 14
46 30
46 35
25 43
2 21
44 14
42 16
50 16
50 50
23 50
35 20
25 12
30 4
13 4
40 19
49 39
27 18
46 22
47 10
11 10
17 45
29 31
26 15
9 17
2 50
17 16
33 4
9 41
30 18
46 47
31 34
21 4
31 26
48 33
21 12
31 48
37 49
50 39
23 20
30 30
28 10
45 49
7 42
33 25
15 11
49 41
4 2
10 4
29 44
28 16
27 4
24 11
34 39
44 32
39 32
30 26
43 47
48 47
15 2
37 37
46 27
42 7
25 9
41 26
44 35
41 41
14 11
45 36
11 49
28 30
19 23
4 23
18 46
20 23
42 48
30 40
14 28
31 20
5 31
10 16
5 25
28 11
40 21
5 49
32 4
38 25
6 32
8 17
13 22
6 10
15 26
30 37
23 3
42 29
29 19
32 40
4 24
46 1
10 21
22 50
50 25
18 14
44 8
